66
77
0
3
0
0
0
0
0
0
62
0
0
0
40
0
0
0
80
0
0
0
80
0
0
0
1
0
1
0
0
0
0
0
0
3
0
0
0
14
0
0
0
14
0
0
0
0
0
0
0
0
0
0
0
0
0
0
0
0
0
0
0
4
1
0
0
0
0
0
0
0
0
0
0
0
1
0
0
0
0
0
0
0
0
0
0
0
1
0
127
0
0
0
0
0
0
0
0
0
1
0
127
0
0
0
0
0
0
0
0
0
0
8
126
127
0
0
0
0
0
0
0
0
0
0
31
0
0
0
0
63
0
0
0
0
0
0
8
0
0
0
0
0
0
0
0
0
0
0
127
0
0
0
0
120
0
0
0
0
0
124
63
0
0
31
0
0
0
0
0
0
0
124
0
0
0
31
0
0
0
0
0
0
0
124
63
0
0
127
0
0
0
0
0
0
0
124
63
0
0
63
0
0
0
0
0
0
0
124
62
0
0
63
0
0
0
0
0
0
0
62
30
0
0
63
0
0
0
0
0
0
0
62
30
0
0
127
0
0
0
0
0
0
0
62
30
0
0
127
0
0
0
0
0
0
0
62
14
0
0
0
0
0
0
0
0
0
0
30
14
0
120
0
28
127
0
0
0
0
0
31
6
0
120
0
0
63
0
0
0
0
0
15
22
0
0
0
0
0
0
0
0
0
0
15
6
0
0
0
0
0
0
0
0
0
0
15
10
0
0
0
0
0
0
0
0
0
0
2
0
0
0
10
0
48
0
0
0
0
0
15
0
0
0
0
0
24
0
0
0
0
0
7
0
36
0
0
0
8
0
0
0
0
0
6
8
32
64
0
14
24
0
0
0
0
0
0
0
0
64
0
31
0
0
0
0
0
0
0
0
0
0
0
127
0
0
0
0
0
0
3
0
0
0
31
0
0
0
0
0
0
0
3
0
0
15
0
0
0
0
0
0
0
0
3
0
0
31
0
0
0
0
0
0
0
0
3
0
0
31
0
0
0
0
0
0
0
0
1
0
0
63
0
0
0
0
0
0
0
0
1
0
0
63
0
0
0
0
0
0
0
0
0
0
0
63
0
0
0
0
0
0
0
0
0
0
0
127
0
0
0
0
0
0
0
0
0
0
0
127
0
0
0
0
0
0
0
0
0
96
0
127
0
0
0
0
0
0
0
0
0
96
0
0
0
0
0
0
0
0
0
0
0
64
0
0
0
0
0
0
0
0
0
0
0
0
0
0
0
0
0
0
0
0
0
0
0
0
0
0
0
0
0
0
0
0
0
0
0
0
0
0
0
0
0
0
0
0
0
0
0
0
3
0
0
0
0
0
0
0
0
0
0
0
3
0
0
0
0
0
0
0
0
0
0
0
3
0
0
0
0
0
0
0
0
0
0
0
1
0
0
0
0
0
0
0
0
0
0
1
97
0
0
0
0
0
0
0
0
0
0
0
1
0
0
0
0
0
0
0
0
0
0
0
1
0
0
0
0
0
0
0
0
0
0
0
1
0
0
0
0
0
0
0
0
0
0
0
1
0
0
0
0
0
0
0
0
0
0
0
33
0
0
0
0
0
0
0
0
0
0
1
0
0
0
0
0
0
0
0
0
0
0
3
0
0
0
0
0
0
0
0
0
0
0
3
112
0
0
0
0
0
0
0
0
0
0
0
120
127
0
0
0
0
0
0
0
0
0
0
8
127
0
0
0
0
0
0
0
0
0
3
0
127
0
0
0
0
0
0
0
0
0
6
0
127
0
0
0
0
0
0
0
0
0
6
0
0
0
0
0
0
0
0
0
0
6
6
0
0
0
0
0
0
0
0
0
0
2
15
0
7
0
0
0
0
0
0
0
0
4
3
0
103
0
0
0
0
0
0
0
0
10
17
0
63
0
0
0
0
0
0
0
0
0
60
0
31
0
0
0
0
0
0
0
0
0
127
0
31
0
0
0
0
0
0
0
0
0
30
29
0
0
0
0
0
0
0
0
0
0
24
0
0
0
0
0
0
0
0
0
0
0
16
7
0
0
0
0
0
0
0
0
0
0
4
7
0
0
0
0
0
0
0
0
0
0
0
31
0
0
0
0
0
0
0
0
0
0
0
63
0
0
0
0
0
0
0
0
0
0
0
63
0
0
0
0
0
0
0
0
0
0
0
127
0
0
0
0
0
0
0
0
0
0
0
127
0
0
0
0
0
0
0
0
0
0
1
0
0
0
0
0
0
0
0
0
0
0
3
0
0
0
0
0
0
0
0
0
0
0
15
0
0
0
0
0
0
0
0
0
0
0
0
0
0
0
0
0
0
0
